19.95 -20.537 0.0234
19.51 -19.1992 0.0282
19.59 -19.1779 0.0655
20.22 -19.183 0.0374
19.74 -19.19 0.0187
19.95 -18.8555 0.0794
20.44 -19.288 0.0284
20.58 -19.1452 0.0459
20.95 -19.0192 0.032
20.08 -19.2687 0.0289
19.93 -19.175 0.0304
21.15 -19.15 0.0309
19.98 -19.31 0.0222
21.2 -19.4567 0.0302
19.32 -19.3207 0.0194
20.47 -19.2 0.0282
20.95 -19.65 0.0187
20.22 -19.3001 0.0411
19.44 -19.7 0.0258
20.23 -19.55 0.0214
19.98 -19.2724 0.0178
20.75 -19.5 0.0243
20.83 -17.8422 0.0277
20.48 -19.38 0.0176
20.26 -18.75 0.0647
20.72 -19.99 0.0212
19.96 -19.8149 0.0559
19.02 -19.55 0.0311
19.47 -19.29 0.0218
21.18 -17.9601 0.0263
20.31 -18.93 0.0643
20.09 -18.728 0.0286
20.83 -19.48 0.0217
20.67 -18.955 0.0622
20.21 -19.0392 0.0205
20.7 -19.36 0.037
20.07 -19.07 0.0169
20.77 -19.58 0.0219
19.49 -20.5623 0.0187
21.19 -19.41 0.0746
19.61 -19.13 0.0989
20.94 -19.6911 0.0212
21.93 -18.51 0.0581
20.5 -19.588 0.0206
21.03 -19.29 0.0304
21.23 -19.08 0.0396
21.09 -18.1996 0.0287
21.1 -19.5867 0.0259
20.91 -19.2149 0.0176
20.91 -19.4 0.032
20.69 -19.9389 0.0502
20.57 -19.13 0.0173
20.4 -19.929 0.0291
21 -19.48 0.0227
20.7 -18.9266 0.036
20.32 -19.21 0.0271
21.13 -18.9735 0.0256
21.32 -18.76 0.0211
21.39 -19.14 0.0215
20 -18.8811 0.0757
19.96 -19.02 0.024
20.19 -19.93 0.0298
19.87 -20.3909 0.0349
20.89 -19.42 0.0216
20.51 -19.3659 0.0299
20.9 -19.47 0.0213
21.39 -18.99 0.0967
20.88 -19.5999 0.0256
20.27 -18.5902 0.0645
21.56 -18.79 0.0273
20.45 -19.2 0.0262
20.44 -19.21 0.0273
20.63 -18.9776 0.0915
21.01 -19.28 0.03
20.76 -18.0319 0.0225
20.64 -19.9504 0.0263
20.88 -19.427 0.017
21.2 -19.1601 0.0311
20.86 -19.4229 0.0381
20.97 -19.0818 0.0813
20.73 -19.2343 0.0227
20.26 -19.4491 0.0319
19.66 -18.6516 0.0305
21.02 -19.37 0.0268
21.17 -18.6472 0.0287
21.28 -18.6496 0.13
21 -19.0288 0.0814
21.45 -18.351 0.0316
20.93 -19.58 0.0207
21.27 -18.9987 0.0282
20.24 -19.02 0.0241
19.35 -19.1049 0.0212
20.86 -19.794 0.0307
21.05 -19.6566 0.0185
21.25 -19.173 0.0228
20.6 -19.299 0.0205
21.58 -19.1247 0.03
20.82 -19.69 0.0281
20.99 -19.23 0.0286
20.4 -19.1922 0.0211
21.26 -18.0719 0.0184
21.18 -19.4658 0.025
20.98 -19.6749 0.0309
21.21 -19.117 0.031
20.11 -19.19 0.0293
20.73 -19.32 0.0228
19.98 -18.9471 0.0265
20.96 -19.4002 0.0234
21.14 -19.4583 0.0135
21 -19.2297 0.0236
21.4 -19.0753 0.0201
20.68 -18.9281 0.0249
21.46 -19 0.029
19.96 -18.9998 0.0578
19.32 -19.8569 0.0242
21.41 -19.0221 0.0235
20.84 -19.6111 0.0278
21.28 -19.2285 0.0244
20.59 -19.23 0.0234
20.16 -18.8104 0.0237
21.54 -18.9718 0.0219
21.86 -18.1862 0.0167
21.46 -19.2744 0.0221
20.94 -19.49 0.0271
21.04 -18.5454 0.0166
20.52 -18.7743 0.0243
21.88 -17.6295 0.0181
20.77 -19.762 0.1705
21.15 -19.1404 0.0302
21.25 -18.6401 0.0271
20.91 -19.368 0.0269
20.36 -19.1558 0.0224
20.76 -19.403 0.0249
19.63 -19.133 0.0192
20.83 -19.4274 0.0272
21.6 -19.0566 0.0261
20.25 -18.9324 0.1128
20.68 -19.4228 0.0216
21.34 -19.3886 0.0253
21.5 -18.94 0.0256
20.87 -19.1463 0.0188
21.19 -18.6456 0.0315
20.79 -19.48 0.0213
20.19 -19.41 0.0491
21.22 -19.21 0.0253
21.11 -19.3795 0.0196
22.07 -17.9453 0.027
20.31 -19.1216 0.0223
21.26 -19.4702 0.0332
20.57 -18.9596 0.0376
21.03 -18.9858 0.021
20.07 -18.83 0.0871
21.84 -18.7086 0.0327
20.9 -19.085 0.0331
20.36 -18.9184 0.0254
21.82 -18.151 0.0165
20.8 -18.477 0.0737
22.32 -17.8222 0.0345
20.94 -19.5386 0.0244
20.64 -18.0515 0.0184
20.63 -18.4022 0.0291
21.24 -19.2497 0.0264
19.84 -19.0249 0.0226
20.99 -19.5113 0.025
20.83 -19.4331 0.0191
21.14 -18.0671 0.0275
21.07 -17.4273 0.0263
21.15 -18.3184 0.02
20.45 -19.2 0.0298
20.72 -18.5147 0.026
20.7 -19.052 0.0215
20.96 -18.9328 0.0207
20.96 -19.3925 0.0171
21.96 -18.1517 0.0226
21.51 -18.7304 0.0279
21.75 -17.3751 0.0229
21.06 -19.59 0.0197
20.84 -18.0577 0.0211
20.84 -19.3718 0.0455
21.29 -19.412 0.0248
20.3 -19.23 0.0244
20.77 -18.5047 0.0191
21.55 -18.8437 0.03
22.35 -17.8098 0.0641
21.69 -17.5361 0.0189
21.29 -18.9106 0.0196
21.43 -19.2532 0.0934
21.43 -19.0343 0.026
21.19 -18.532 0.0364
21.33 -19.1745 0.0601
21.1 -18.8067 0.0191
20.27 -18.85 0.0244
21.35 -18.6085 0.0185
21.48 -18.9764 0.0351
21.62 -18.7476 0.0242
21.32 -18.4039 0.016
20.67 -19.0681 0.0293
22.5 -18.1353 0.022
22.32 -17.2975 0.0497
21.65 -19.0773 0.0152
21.39 -18.7434 0.0174
21.52 -19.1089 0.021
21.12 -18.7569 0.0787
20.76 -19.0343 0.0193
21.46 -19.15 0.0308
20.72 -18.5273 0.0259
22.26 -18.3904 0.0252
22.63 -17.8122 0.0272
21.84 -18.689 0.0277
21.99 -18.6887 0.018
21.52 -19.006 0.0336
20.74 -19.459 0.0213
22.04 -18.476 0.0267
20.62 -19.7572 0.022
21.75 -18.2446 0.0286
21.72 -16.8962 0.0264
20.86 -18.3971 0.0274
21.46 -18.903 0.0275
21.62 -17.6166 0.0286
20.97 -19.047 0.017
22.41 -18.1658 0.0217
21.14 -17.9214 0.0194
21.7 -18.3889 0.0214
21.28 -18.32 0.0379
22.1 -16.9 0.0303
22.12 -18.3561 0.0366
21.24 -18.6086 0.0249
22.34 -17.6694 0.0321
22.16 -18.1213 0.0255
21.28 -19.135 0.0268
21.2 -19.3529 0.0195
22.4 -18.19 0.0239
22.58 -17.4854 0.0184
21.72 -18.1874 0.0269
22.47 -18.1612 0.0317
22.21 -17.074 0.0303
20.27 -18.3513 0.0161
20.26 -18.4221 0.0231
21.11 -18.8686 0.1355
20.48 -19.6779 0.0235
20.84 -19.3481 0.0329
21.38 -19.0567 0.0165
21.47 -18.3396 0.0229
21.44 -18.8953 0.0242
21.17 -17.785 0.0632
21.12 -17.8262 0.0251
21.14 -18.512 0.0288
21.29 -18.2841 0.0214
21.33 -17.9842 0.1567
20.72 -19.7408 0.0296
20.71 -19.31 0.0187
20.62 -19.4248 0.0188
21.23 -18.056 0.0266
20.63 -19.7759 0.0201
20.72 -19.0374 0.1261
20.98 -19.0248 0.0255
21.22 -18.1221 0.0198
20.82 -18.267 0.0217
20.69 -19.6807 0.021
21.18 -19.0421 0.027
20.86 -18.7822 0.0233
21.53 -18.8319 0.0151
21.53 -17.998 0.0192
21.56 -18.4353 0.0239
20.81 -19.0151 0.0255
20.97 -19.4052 0.0181
20.9 -18.3741 0.0177
20.98 -18.7973 0.0288
